504
424
534
464
474
472
493
475
545
568
760
508
488
487
548
470
505
477
424
557
450
533
564
450
395
509
532
445
422
520
565
564
476
403
518
477
600
521
495
503
493
575
459
562
501
498
334
572
537
546
404
501
478
441
543
504
569
479
603
559
476
471
497
522
468
594
514
516
535
555
515
571
576
524
500
554
547
554
444
459
551
553
542
578
532
519
534
504
498
528
451
518
537
455
538
547
528
561
559
468
504
513
531
493
594
550
531
513
513
507
525
525
544
590
545
585
510
554
583
479
497
577
325
622
493
503
547
547
510
555
560
442
485
557
545
546
430
606
490
530
534
561
454
431
542
423
500
465
509
426
549
418
588
490
436
484
545
456
521
482
353
442
510
486
596
578
567
592
574
541
560
464
631
503
562
422
530
588
534
481
551
534
557
505
584
540
494
550
525
601
498
492
562
580
557
416
504
595
472
605
443
456
553
475
474
439
505
543
461
575
573
548
571
426
573
555
565
477
496
494
451
469
531
525
500
457
547
485
556
584
549
515
489
490
481
481
399
550
571
469
581
473
600
547
499
567
477
609
510
511
445
524
456
541
491
478
484
474
397
475
590
550
553
498
498
470
498
499
412
406
548
563
456
537
478
430
531
470
528
563
453
482
523
505
463
579
585
546
461
459
507
387
446
606
503
497
535
382
553
509
530
560
568
581
593
589
501
407
528
544
532
517
529
506
458
496
536
540
556
560
494
582
535
379
521
577
568
537
499
460
544
536
502
498
527
546
508
537
595
563
422
561
482
501
545
558
532
372
459
492
540
562
425
524
405
443
389
512
437
517
477
394
478
432
524
528
523
441
561
588
379
495
517
477
475
540
485
567
455
465
554
550
516
596
559
522
545
524
517
506
558
508
493
547
410
522
471
475
451
413
524
379
542
548
488
546
507
546
586
530
525
539
587
533
523
411
489
509
607
517
489
377
447
488
542
502
474
522
535
548
519
541
507
631
518
505
494
511
567
509
460
490
493
556
496
555
528
497
538
547
581
511
541
564
522
531
547
611
458
541
515
479
540
570
581
532
527
591
469
487
501
522
565
538
598
529
517
541
544
512
540
508
563
501
466
531
589
588
499
519
548
546
560
466
442
525
480
488
518
412
559
494
501
558
571
443
497
533
639
508
597
566
549
576
504
524
412
519
508
603
557
561
538
532
529
528
546
520
527
482
421
470
523
390
549
527
516
481
469
549
519
601
550
494
555
470
543
426
450
587
569
477
526
554
553
595
516
543
362
502
499
521
448
572
526
525
572
547
548
541
529
448
528
520
516
442
493
492
491
542
525
594
526
564
545
557
536
580
523
522
538
438
495
445
585
531
473
556
521
507
538
412
501
563
516
547
509
554
587
577
509
513
542
569
568
468
466
449
514
535
553
555
491
500
475
583
466
479
484
526
542
476
606
568
445
520
518
576
536
520
516
535
492
453
480
508
381
371
626
449
504
455
485
510
542
496
474
524
363
544
548
538
489
497
553
532
520
494
530
464
543
522
599
531
526
596
458
559
501
562
501
540
503
517
477
505
566
544
438
557
463
378
575
598
448
404
581
545
489
591
471
490
477
472
572
500
471
591
574
565
509
446
534
523
522
514
563
509
587
451
593
539
498
591
468
532
572
532
511
544
513
578
505
615
549
514
528
405
512
499
498
436
434
510
458
528
561
503
496
656
513
532
540
565
447
496
508
456
500
492
557
558
524
554
528
519
603
590
539
511
593
530
564
560
494
498
483
524
524
497
612
554
587
492
583
578
488
500
515
545
520
528
563
544
455
507
479
489
489
498
476
427
396
577
531
454
493
522
519
502
442
536
397
597
566
536
445
558
471
580
333
569
608
495
520
396
514
497
472
456
565
481
443
501
543
532
548
530
520
565
530
495
583
420
481
533
471
530
556
517
473
557
416
536
475
560
481
457
533
538
505
547
530
559
528
519
529
455
486
477
482
486
459
528
556
594
546
484
467
596
562
566
576
561
518
478
507
450
594
465
454
486
478
490
394
524
586
544
530
509
507
587
485
505
566
517
538
481
548
510
523
513
466
602
526
495
452
556
506
544
453
472
548
561
564
420
552
431
510
507
506
530
484
502
501
550
581
536
513
429
453
465
459
508
576
540
506
457
483
503
518
505
573
490
369
562
448
513
589
499
566
558
502
508
429
466
442
616
467
471
589
495
513
474
529
548
496
501
443
494
448
543
463
555
522
505
584
451
466
514
471
558
514
474
537
552
519
591
497
493
552
493
603
492
565
485
479
439
553
541
509
531
458
523
460
570
460
508
529
520
494
506
595
578
537
548
525
603
395
453
501
490
600
540
537
595
516
560
587
427
553
483
466
416
554
501
558
516
483
401
519
453
509
458
421
480
538
501
581
468
364
467
449
504
533
454
603
527
526
548
490
506
518
526
533
564
443
511
503
564
464
452
506
633
537
559
491
477
436
332
441
